"","V1","V2","V3","V4","V5","V6","V7","V8","V9","V10","V11","V12"
"1",0.0621890547263682,0.0771144278606965,0.0621890547263682,0.0621890547263682,0.13681592039801,0.151741293532338,0.0621890547263682,0.0771144278606965,0.0621890547263682,0.0920398009950249,0.0621890547263682,0.0920398009950249
"2",0.0807291666666667,0.0651041666666667,0.0807291666666667,0.0651041666666667,0.158854166666667,0.0807291666666667,0.0807291666666667,0.111979166666667,0.0651041666666667,0.0651041666666667,0.0807291666666667,0.0651041666666667
"3",0.0420875420875421,0.345117845117845,0.0723905723905724,0.0622895622895623,0.0521885521885522,0.0420875420875421,0.0521885521885522,0.0723905723905724,0.0420875420875421,0.0521885521885522,0.102693602693603,0.0622895622895623
"4",0.0833333333333333,0.0563063063063063,0.0968468468468469,0.0968468468468469,0.0563063063063063,0.0563063063063063,0.11036036036036,0.0833333333333333,0.0698198198198198,0.11036036036036,0.0833333333333333,0.0968468468468469
"5",0.110119047619048,0.0922619047619048,0.0744047619047619,0.0922619047619048,0.0744047619047619,0.0922619047619048,0.0744047619047619,0.0922619047619048,0.0744047619047619,0.0744047619047619,0.0744047619047619,0.0744047619047619
"6",0.0730994152046784,0.0730994152046784,0.14327485380117,0.0730994152046784,0.0730994152046784,0.125730994152047,0.0730994152046784,0.0730994152046784,0.0730994152046784,0.0730994152046784,0.0730994152046784,0.0730994152046784
"7",0.0570776255707763,0.0707762557077626,0.0844748858447489,0.111872146118721,0.0844748858447489,0.0570776255707763,0.125570776255708,0.0981735159817352,0.0707762557077626,0.0707762557077626,0.111872146118721,0.0570776255707763
"8",0.0376016260162602,0.0619918699186992,0.0376016260162602,0.068089430894309,0.257113821138211,0.0619918699186992,0.0376016260162602,0.0497967479674797,0.0497967479674797,0.232723577235772,0.068089430894309,0.0376016260162602
"9",0.0801282051282051,0.118589743589744,0.0801282051282051,0.0801282051282051,0.0801282051282051,0.0801282051282051,0.0801282051282051,0.0801282051282051,0.0801282051282051,0.0801282051282051,0.0801282051282051,0.0801282051282051
"10",0.0672043010752688,0.0833333333333333,0.0994623655913979,0.115591397849462,0.0833333333333333,0.0672043010752688,0.0833333333333333,0.0672043010752688,0.0833333333333333,0.115591397849462,0.0672043010752688,0.0672043010752688
"11",0.0567765567765568,0.0567765567765568,0.0897435897435898,0.122710622710623,0.133699633699634,0.0457875457875458,0.100732600732601,0.0677655677655678,0.0787545787545788,0.0787545787545788,0.100732600732601,0.0677655677655678
"12",0.0422374429223744,0.069634703196347,0.0559360730593607,0.0559360730593607,0.0353881278538813,0.124429223744292,0.0764840182648402,0.0627853881278539,0.069634703196347,0.0764840182648402,0.302511415525114,0.0285388127853881
"13",0.0718390804597701,0.0890804597701149,0.123563218390805,0.0890804597701149,0.10632183908046,0.0718390804597701,0.0718390804597701,0.0718390804597701,0.0718390804597701,0.0718390804597701,0.0718390804597701,0.0890804597701149
"14",0.0669781931464175,0.0763239875389408,0.0482866043613707,0.0482866043613707,0.104361370716511,0.123052959501558,0.0763239875389408,0.0950155763239875,0.0669781931464175,0.0576323987538941,0.197819314641745,0.0389408099688474
"15",0.0816993464052288,0.101307189542484,0.0816993464052288,0.0816993464052288,0.0816993464052288,0.0816993464052288,0.0816993464052288,0.0816993464052288,0.0816993464052288,0.0816993464052288,0.0816993464052288,0.0816993464052288
"16",0.0742971887550201,0.0742971887550201,0.218875502008032,0.0502008032128514,0.0622489959839357,0.0622489959839357,0.0863453815261044,0.0742971887550201,0.0742971887550201,0.0622489959839357,0.0983935742971888,0.0622489959839357
"17",0.0801282051282051,0.118589743589744,0.0801282051282051,0.0801282051282051,0.0801282051282051,0.0801282051282051,0.0801282051282051,0.0801282051282051,0.0801282051282051,0.0801282051282051,0.0801282051282051,0.0801282051282051
"18",0.553613053613054,0.0501165501165501,0.0291375291375291,0.0431235431235431,0.0291375291375291,0.0291375291375291,0.0431235431235431,0.0431235431235431,0.0501165501165501,0.0361305361305361,0.0571095571095571,0.0361305361305361
"19",0.0518207282913165,0.0350140056022409,0.07703081232493,0.0518207282913165,0.0350140056022409,0.379551820728291,0.0602240896358543,0.0518207282913165,0.0854341736694678,0.0434173669467787,0.07703081232493,0.0518207282913165
"20",0.0629251700680272,0.124149659863946,0.0527210884353742,0.0629251700680272,0.0425170068027211,0.0425170068027211,0.164965986394558,0.113945578231293,0.0833333333333333,0.0731292517006803,0.124149659863946,0.0527210884353742
"21",0.0757575757575758,0.0757575757575758,0.0939393939393939,0.112121212121212,0.112121212121212,0.0757575757575758,0.0757575757575758,0.0757575757575758,0.0757575757575758,0.0757575757575758,0.0757575757575758,0.0757575757575758
"22",0.0800865800865801,0.0800865800865801,0.0541125541125541,0.0930735930735931,0.0800865800865801,0.119047619047619,0.132034632034632,0.106060606060606,0.0670995670995671,0.0541125541125541,0.0670995670995671,0.0670995670995671
"23",0.0333333333333333,0.105333333333333,0.0413333333333333,0.0573333333333333,0.0973333333333333,0.0493333333333333,0.209333333333333,0.0973333333333333,0.0733333333333333,0.0573333333333333,0.0493333333333333,0.129333333333333
"24",0.0900537634408602,0.0336021505376344,0.0900537634408602,0.0336021505376344,0.0577956989247312,0.323924731182796,0.0658602150537635,0.0497311827956989,0.0658602150537635,0.081989247311828,0.0497311827956989,0.0577956989247312
"25",0.0385572139303483,0.0310945273631841,0.0460199004975124,0.0609452736318408,0.0609452736318408,0.0833333333333333,0.068407960199005,0.419154228855721,0.068407960199005,0.0534825870646766,0.0385572139303483,0.0310945273631841
"26",0.0492063492063492,0.0587301587301587,0.115873015873016,0.0777777777777778,0.153968253968254,0.0587301587301587,0.0587301587301587,0.0492063492063492,0.106349206349206,0.173015873015873,0.0587301587301587,0.0396825396825397
"27",0.569033530571992,0.0364891518737673,0.02465483234714,0.02465483234714,0.02465483234714,0.0364891518737673,0.02465483234714,0.0779092702169625,0.02465483234714,0.02465483234714,0.0601577909270217,0.0719921104536489
"28",0.0710955710955711,0.0291375291375291,0.0291375291375291,0.0431235431235431,0.0571095571095571,0.0501165501165501,0.12004662004662,0.0361305361305361,0.148018648018648,0.0361305361305361,0.134032634032634,0.245920745920746
"29",0.0631313131313131,0.0934343434343434,0.0631313131313131,0.108585858585859,0.0782828282828283,0.0631313131313131,0.0782828282828283,0.123737373737374,0.0631313131313131,0.0782828282828283,0.123737373737374,0.0631313131313131
"30",0.0738095238095238,0.0595238095238095,0.130952380952381,0.0595238095238095,0.0595238095238095,0.202380952380952,0.0595238095238095,0.0738095238095238,0.0595238095238095,0.0880952380952381,0.0738095238095238,0.0595238095238095
"31",0.0478927203065134,0.0823754789272031,0.0478927203065134,0.0593869731800766,0.0478927203065134,0.0478927203065134,0.162835249042146,0.10536398467433,0.116858237547893,0.0478927203065134,0.162835249042146,0.0708812260536398
"32",0.0654761904761905,0.0369047619047619,0.0940476190476191,0.0654761904761905,0.0440476190476191,0.0726190476190476,0.0297619047619048,0.122619047619048,0.0869047619047619,0.144047619047619,0.201190476190476,0.0369047619047619
"33",0.0631313131313131,0.0631313131313131,0.123737373737374,0.0631313131313131,0.184343434343434,0.0782828282828283,0.0934343434343434,0.0782828282828283,0.0631313131313131,0.0631313131313131,0.0631313131313131,0.0631313131313131
"34",0.0285388127853881,0.281963470319635,0.165525114155251,0.0285388127853881,0.0422374429223744,0.0353881278538813,0.103881278538813,0.0627853881278539,0.0490867579908676,0.117579908675799,0.0490867579908676,0.0353881278538813
"35",0.0516666666666667,0.0616666666666667,0.0416666666666667,0.191666666666667,0.0716666666666667,0.0416666666666667,0.101666666666667,0.101666666666667,0.0816666666666667,0.0516666666666667,0.131666666666667,0.0716666666666667
"36",0.0555555555555556,0.0555555555555556,0.0688888888888889,0.108888888888889,0.0955555555555556,0.228888888888889,0.0688888888888889,0.0688888888888889,0.0688888888888889,0.0688888888888889,0.0555555555555556,0.0555555555555556
"37",0.0474358974358974,0.0551282051282051,0.0705128205128205,0.0320512820512821,0.108974358974359,0.0397435897435897,0.162820512820513,0.0705128205128205,0.0397435897435897,0.224358974358974,0.0935897435897436,0.0551282051282051
"38",0.0574074074074074,0.0685185185185185,0.0462962962962963,0.0796296296296296,0.212962962962963,0.0462962962962963,0.0574074074074074,0.0685185185185185,0.0574074074074074,0.201851851851852,0.0462962962962963,0.0574074074074074
"39",0.0612745098039216,0.16421568627451,0.0612745098039216,0.105392156862745,0.0759803921568628,0.0612745098039216,0.0906862745098039,0.0906862745098039,0.0906862745098039,0.0612745098039216,0.0612745098039216,0.0759803921568628
"40",0.0536231884057971,0.105797101449275,0.0449275362318841,0.0449275362318841,0.166666666666667,0.036231884057971,0.166666666666667,0.0710144927536232,0.123188405797101,0.0710144927536232,0.0623188405797101,0.0536231884057971
"41",0.0707762557077626,0.0707762557077626,0.0570776255707763,0.289954337899543,0.0707762557077626,0.0844748858447489,0.0570776255707763,0.0570776255707763,0.0707762557077626,0.0570776255707763,0.0570776255707763,0.0570776255707763
"42",0.0609452736318408,0.0310945273631841,0.0534825870646766,0.0907960199004975,0.0460199004975124,0.0460199004975124,0.105721393034826,0.128109452736318,0.068407960199005,0.0385572139303483,0.120646766169154,0.210199004975124
"43",0.383986928104575,0.0506535947712418,0.0408496732026144,0.0702614379084967,0.0898692810457516,0.0506535947712418,0.0408496732026144,0.0702614379084967,0.0702614379084967,0.0408496732026144,0.0506535947712418,0.0408496732026144
"44",0.0718390804597701,0.10632183908046,0.0718390804597701,0.0718390804597701,0.0718390804597701,0.123563218390805,0.0890804597701149,0.0718390804597701,0.0718390804597701,0.0890804597701149,0.0890804597701149,0.0718390804597701
"45",0.0928753180661578,0.0776081424936387,0.0776081424936387,0.039440203562341,0.176844783715013,0.192111959287532,0.0547073791348601,0.0547073791348601,0.0470737913486005,0.0318066157760814,0.0699745547073791,0.0852417302798982
"46",0.0801282051282051,0.118589743589744,0.0801282051282051,0.0801282051282051,0.0801282051282051,0.0801282051282051,0.0801282051282051,0.0801282051282051,0.0801282051282051,0.0801282051282051,0.0801282051282051,0.0801282051282051
"47",0.0482866043613707,0.0482866043613707,0.0576323987538941,0.0669781931464175,0.0763239875389408,0.384735202492212,0.0482866043613707,0.0576323987538941,0.0389408099688474,0.0482866043613707,0.0856697819314642,0.0389408099688474
"48",0.0412541254125413,0.0610561056105611,0.0610561056105611,0.100660066006601,0.12046204620462,0.0511551155115512,0.13036303630363,0.070957095709571,0.0808580858085809,0.100660066006601,0.13036303630363,0.0511551155115512
"49",0.0501618122977346,0.040453074433657,0.098705501618123,0.06957928802589,0.06957928802589,0.0598705501618123,0.0889967637540453,0.040453074433657,0.040453074433657,0.331715210355987,0.0501618122977346,0.0598705501618123
"50",0.0548245614035088,0.239035087719298,0.0548245614035088,0.133771929824561,0.0548245614035088,0.0548245614035088,0.0679824561403509,0.0942982456140351,0.0679824561403509,0.0679824561403509,0.0548245614035088,0.0548245614035088
"51",0.0371702637889688,0.0371702637889688,0.065947242206235,0.109112709832134,0.0731414868105516,0.0299760191846523,0.0731414868105516,0.065947242206235,0.065947242206235,0.166666666666667,0.195443645083933,0.0803357314148681
"52",0.0895833333333333,0.189583333333333,0.0895833333333333,0.0770833333333333,0.0520833333333333,0.0645833333333333,0.0895833333333333,0.0645833333333333,0.0770833333333333,0.0770833333333333,0.0770833333333333,0.0520833333333333
"53",0.0801282051282051,0.118589743589744,0.0801282051282051,0.0801282051282051,0.0801282051282051,0.0801282051282051,0.0801282051282051,0.0801282051282051,0.0801282051282051,0.0801282051282051,0.0801282051282051,0.0801282051282051
"54",0.0801282051282051,0.118589743589744,0.0801282051282051,0.0801282051282051,0.0801282051282051,0.0801282051282051,0.0801282051282051,0.0801282051282051,0.0801282051282051,0.0801282051282051,0.0801282051282051,0.0801282051282051
"55",0.0502008032128514,0.0983935742971888,0.0502008032128514,0.0742971887550201,0.134538152610442,0.0502008032128514,0.242971887550201,0.0742971887550201,0.0622489959839357,0.0502008032128514,0.0502008032128514,0.0622489959839357
"56",0.0587121212121212,0.104166666666667,0.0473484848484849,0.0928030303030303,0.0928030303030303,0.126893939393939,0.115530303030303,0.0814393939393939,0.104166666666667,0.0587121212121212,0.0587121212121212,0.0587121212121212
"57",0.0578703703703704,0.099537037037037,0.099537037037037,0.141203703703704,0.099537037037037,0.113425925925926,0.0717592592592593,0.0578703703703704,0.0578703703703704,0.0578703703703704,0.0856481481481482,0.0578703703703704
"58",0.0580524344569288,0.0580524344569288,0.0580524344569288,0.0692883895131086,0.0692883895131086,0.125468164794007,0.0468164794007491,0.125468164794007,0.136704119850187,0.114232209737828,0.0917602996254682,0.0468164794007491
"59",0.0702614379084967,0.0408496732026144,0.0800653594771242,0.0996732026143791,0.0898692810457516,0.0604575163398693,0.0898692810457516,0.0506535947712418,0.0800653594771242,0.246732026143791,0.0408496732026144,0.0506535947712418
"60",0.0630081300813008,0.0752032520325203,0.0508130081300813,0.111788617886179,0.184959349593496,0.0508130081300813,0.136178861788618,0.0752032520325203,0.0752032520325203,0.0508130081300813,0.0630081300813008,0.0630081300813008
"61",0.0341530054644809,0.0423497267759563,0.0341530054644809,0.0423497267759563,0.0505464480874317,0.0587431693989071,0.0669398907103825,0.501366120218579,0.0423497267759563,0.0341530054644809,0.0505464480874317,0.0423497267759563
"62",0.0661375661375661,0.113756613756614,0.0661375661375661,0.0661375661375661,0.082010582010582,0.0661375661375661,0.0661375661375661,0.193121693121693,0.0661375661375661,0.0661375661375661,0.082010582010582,0.0661375661375661
"63",0.0771604938271605,0.0771604938271605,0.0771604938271605,0.132716049382716,0.0771604938271605,0.0771604938271605,0.095679012345679,0.0771604938271605,0.0771604938271605,0.0771604938271605,0.0771604938271605,0.0771604938271605
"64",0.0615079365079365,0.0853174603174603,0.0496031746031746,0.0853174603174603,0.0972222222222222,0.0496031746031746,0.121031746031746,0.0734126984126984,0.121031746031746,0.121031746031746,0.0734126984126984,0.0615079365079365
"65",0.0683060109289618,0.0683060109289618,0.150273224043716,0.0683060109289618,0.0683060109289618,0.0683060109289618,0.0846994535519126,0.0846994535519126,0.0683060109289618,0.117486338797814,0.0846994535519126,0.0683060109289618
"66",0.0748792270531401,0.0748792270531401,0.0603864734299517,0.103864734299517,0.147342995169082,0.0748792270531401,0.0748792270531401,0.0748792270531401,0.0748792270531401,0.0603864734299517,0.103864734299517,0.0748792270531401
"67",0.111721611721612,0.144688644688645,0.0677655677655678,0.0677655677655678,0.0677655677655678,0.0677655677655678,0.0567765567765568,0.0897435897435898,0.0677655677655678,0.0787545787545788,0.0897435897435898,0.0897435897435898
"68",0.081140350877193,0.0679824561403509,0.0679824561403509,0.107456140350877,0.120614035087719,0.0548245614035088,0.0548245614035088,0.0548245614035088,0.0679824561403509,0.081140350877193,0.120614035087719,0.120614035087719
"69",0.0744047619047619,0.0922619047619048,0.0744047619047619,0.12797619047619,0.0922619047619048,0.0744047619047619,0.0744047619047619,0.0744047619047619,0.0744047619047619,0.0744047619047619,0.0744047619047619,0.0922619047619048
"70",0.0738831615120275,0.084192439862543,0.0429553264604811,0.125429553264605,0.063573883161512,0.228522336769759,0.063573883161512,0.0429553264604811,0.0532646048109966,0.0429553264604811,0.125429553264605,0.0532646048109966
"71",0.0505464480874317,0.0423497267759563,0.0341530054644809,0.0423497267759563,0.0587431693989071,0.0341530054644809,0.0505464480874317,0.0505464480874317,0.0341530054644809,0.0423497267759563,0.0423497267759563,0.51775956284153
"72",0.10093896713615,0.10093896713615,0.0586854460093897,0.0727699530516432,0.129107981220657,0.0727699530516432,0.0727699530516432,0.0868544600938967,0.0586854460093897,0.0868544600938967,0.10093896713615,0.0586854460093897
"73",0.0631313131313131,0.0782828282828283,0.0631313131313131,0.123737373737374,0.0782828282828283,0.0631313131313131,0.108585858585859,0.0782828282828283,0.0934343434343434,0.108585858585859,0.0782828282828283,0.0631313131313131
"74",0.0730994152046784,0.108187134502924,0.0730994152046784,0.14327485380117,0.0730994152046784,0.0730994152046784,0.0730994152046784,0.0906432748538012,0.0730994152046784,0.0730994152046784,0.0730994152046784,0.0730994152046784
"75",0.0336021505376344,0.0497311827956989,0.0416666666666667,0.0416666666666667,0.19489247311828,0.0497311827956989,0.146505376344086,0.081989247311828,0.0981182795698925,0.130376344086022,0.0900537634408602,0.0416666666666667
"76",0.108888888888889,0.0688888888888889,0.0688888888888889,0.175555555555556,0.122222222222222,0.0955555555555556,0.0688888888888889,0.0555555555555556,0.0555555555555556,0.0555555555555556,0.0688888888888889,0.0555555555555556
"77",0.0496031746031746,0.0734126984126984,0.0734126984126984,0.180555555555556,0.0615079365079365,0.0853174603174603,0.0496031746031746,0.121031746031746,0.0615079365079365,0.0496031746031746,0.121031746031746,0.0734126984126984
"78",0.0603864734299517,0.0603864734299517,0.0893719806763285,0.0603864734299517,0.0603864734299517,0.132850241545894,0.0603864734299517,0.0603864734299517,0.0603864734299517,0.176328502415459,0.103864734299517,0.0748792270531401
"79",0.403679653679654,0.079004329004329,0.0465367965367965,0.0725108225108225,0.04004329004329,0.0465367965367965,0.053030303030303,0.066017316017316,0.0595238095238095,0.0465367965367965,0.0465367965367965,0.04004329004329
"80",0.0445402298850575,0.0790229885057471,0.0531609195402299,0.0359195402298851,0.113505747126437,0.0531609195402299,0.0704022988505747,0.0445402298850575,0.104885057471264,0.242816091954023,0.0876436781609195,0.0704022988505747
"81",0.386710239651416,0.0403050108932462,0.0272331154684096,0.0664488017429194,0.0403050108932462,0.0337690631808279,0.0925925925925926,0.0468409586056645,0.112200435729848,0.0533769063180828,0.0468409586056645,0.0533769063180828
"82",0.0452898550724638,0.143115942028986,0.0452898550724638,0.0452898550724638,0.0778985507246377,0.0561594202898551,0.153985507246377,0.088768115942029,0.164855072463768,0.0561594202898551,0.0452898550724638,0.0778985507246377
"83",0.0895833333333333,0.0645833333333333,0.0520833333333333,0.202083333333333,0.0895833333333333,0.0520833333333333,0.0895833333333333,0.0645833333333333,0.0895833333333333,0.0770833333333333,0.0770833333333333,0.0520833333333333
"84",0.0706214689265537,0.0706214689265537,0.0706214689265537,0.121468926553672,0.0706214689265537,0.0706214689265537,0.0706214689265537,0.104519774011299,0.121468926553672,0.0875706214689266,0.0706214689265537,0.0706214689265537
"85",0.0574074074074074,0.101851851851852,0.0574074074074074,0.0462962962962963,0.0685185185185185,0.0462962962962963,0.0574074074074074,0.0685185185185185,0.290740740740741,0.0574074074074074,0.0574074074074074,0.0907407407407408
"86",0.0757575757575758,0.0757575757575758,0.0757575757575758,0.148484848484848,0.0757575757575758,0.0757575757575758,0.0757575757575758,0.0757575757575758,0.0939393939393939,0.0757575757575758,0.0757575757575758,0.0757575757575758
"87",0.0757575757575758,0.0757575757575758,0.0939393939393939,0.0757575757575758,0.0757575757575758,0.0939393939393939,0.0757575757575758,0.112121212121212,0.0757575757575758,0.0757575757575758,0.0939393939393939,0.0757575757575758
"88",0.0746527777777778,0.126736111111111,0.116319444444444,0.0434027777777778,0.0538194444444444,0.0746527777777778,0.116319444444444,0.116319444444444,0.0850694444444445,0.0642361111111111,0.0642361111111111,0.0642361111111111
"89",0.0541125541125541,0.0541125541125541,0.0800865800865801,0.222943722943723,0.0541125541125541,0.158008658008658,0.0670995670995671,0.0541125541125541,0.0670995670995671,0.0670995670995671,0.0670995670995671,0.0541125541125541
"90",0.0670995670995671,0.0541125541125541,0.0930735930735931,0.0930735930735931,0.0800865800865801,0.145021645021645,0.0930735930735931,0.0670995670995671,0.0930735930735931,0.0800865800865801,0.0670995670995671,0.0670995670995671
"91",0.0550595238095238,0.037202380952381,0.037202380952381,0.099702380952381,0.0550595238095238,0.0818452380952381,0.099702380952381,0.0550595238095238,0.0639880952380952,0.0461309523809524,0.0461309523809524,0.322916666666667
"92",0.0833333333333333,0.0833333333333333,0.0672043010752688,0.0833333333333333,0.0672043010752688,0.0672043010752688,0.0672043010752688,0.0833333333333333,0.0994623655913979,0.131720430107527,0.0672043010752688,0.0994623655913979
"93",0.0578703703703704,0.196759259259259,0.0578703703703704,0.127314814814815,0.0717592592592593,0.0578703703703704,0.0578703703703704,0.0856481481481482,0.0717592592592593,0.0578703703703704,0.0717592592592593,0.0856481481481482
"94",0.0641025641025641,0.0948717948717949,0.0794871794871795,0.0794871794871795,0.156410256410256,0.0641025641025641,0.11025641025641,0.0794871794871795,0.0641025641025641,0.0641025641025641,0.0794871794871795,0.0641025641025641
"95",0.0603864734299517,0.0603864734299517,0.0893719806763285,0.0603864734299517,0.0603864734299517,0.118357487922705,0.0603864734299517,0.0603864734299517,0.0603864734299517,0.176328502415459,0.118357487922705,0.0748792270531401
"96",0.0492063492063492,0.0396825396825397,0.106349206349206,0.106349206349206,0.0587301587301587,0.163492063492063,0.0587301587301587,0.0587301587301587,0.0396825396825397,0.0492063492063492,0.220634920634921,0.0492063492063492
"97",0.0850694444444445,0.0538194444444444,0.105902777777778,0.126736111111111,0.147569444444444,0.0642361111111111,0.0746527777777778,0.0850694444444445,0.0538194444444444,0.0642361111111111,0.0954861111111111,0.0434027777777778
"98",0.0416666666666667,0.0658602150537635,0.0981182795698925,0.0416666666666667,0.202956989247312,0.19489247311828,0.0416666666666667,0.0739247311827957,0.0981182795698925,0.0658602150537635,0.0336021505376344,0.0416666666666667
"99",0.47495183044316,0.0645472061657033,0.0298651252408478,0.0472061657032755,0.0761078998073218,0.035645472061657,0.035645472061657,0.035645472061657,0.0472061657032755,0.0298651252408478,0.035645472061657,0.0876685934489403
"100",0.051440329218107,0.113168724279835,0.113168724279835,0.125514403292181,0.0761316872427984,0.0761316872427984,0.0761316872427984,0.0761316872427984,0.113168724279835,0.0637860082304527,0.051440329218107,0.0637860082304527
"101",0.0698198198198198,0.0833333333333333,0.0563063063063063,0.0968468468468469,0.0968468468468469,0.0698198198198198,0.0698198198198198,0.177927927927928,0.11036036036036,0.0563063063063063,0.0563063063063063,0.0563063063063063
"102",0.0706214689265537,0.104519774011299,0.0706214689265537,0.138418079096045,0.0706214689265537,0.0706214689265537,0.0875706214689266,0.0875706214689266,0.0706214689265537,0.0706214689265537,0.0706214689265537,0.0875706214689266
"103",0.0234848484848485,0.0507575757575758,0.0598484848484849,0.0553030303030303,0.0462121212121212,0.0325757575757576,0.100757575757576,0.078030303030303,0.187121212121212,0.146212121212121,0.168939393939394,0.0507575757575758
"104",0.0400641025641026,0.107371794871795,0.0496794871794872,0.0689102564102564,0.0977564102564103,0.0496794871794872,0.165064102564103,0.0689102564102564,0.136217948717949,0.0400641025641026,0.107371794871795,0.0689102564102564
"105",0.137333333333333,0.0973333333333333,0.0413333333333333,0.0493333333333333,0.0893333333333333,0.0573333333333333,0.0733333333333333,0.0493333333333333,0.0493333333333333,0.265333333333333,0.0333333333333333,0.0573333333333333
"106",0.153333333333333,0.0733333333333333,0.0493333333333333,0.0413333333333333,0.0733333333333333,0.0413333333333333,0.0733333333333333,0.0813333333333333,0.0653333333333333,0.281333333333333,0.0333333333333333,0.0333333333333333
"107",0.0939393939393939,0.0757575757575758,0.0939393939393939,0.0757575757575758,0.0757575757575758,0.0757575757575758,0.0757575757575758,0.0939393939393939,0.0757575757575758,0.0939393939393939,0.0939393939393939,0.0757575757575758
"108",0.0570776255707763,0.0570776255707763,0.0707762557077626,0.111872146118721,0.0844748858447489,0.0707762557077626,0.166666666666667,0.0981735159817352,0.0707762557077626,0.0844748858447489,0.0570776255707763,0.0707762557077626
"109",0.0718390804597701,0.123563218390805,0.0718390804597701,0.158045977011494,0.0718390804597701,0.0718390804597701,0.0718390804597701,0.0718390804597701,0.0718390804597701,0.0718390804597701,0.0718390804597701,0.0718390804597701
"110",0.0685071574642127,0.258691206543967,0.0316973415132924,0.0378323108384458,0.0439672801635992,0.0378323108384458,0.0562372188139059,0.0623721881390593,0.0501022494887526,0.0746421267893661,0.0378323108384458,0.240286298568507
"111",0.0707762557077626,0.0570776255707763,0.0707762557077626,0.0570776255707763,0.0707762557077626,0.0570776255707763,0.207762557077626,0.111872146118721,0.111872146118721,0.0707762557077626,0.0570776255707763,0.0570776255707763
"112",0.0801282051282051,0.118589743589744,0.0801282051282051,0.0801282051282051,0.0801282051282051,0.0801282051282051,0.0801282051282051,0.0801282051282051,0.0801282051282051,0.0801282051282051,0.0801282051282051,0.0801282051282051
"113",0.0577956989247312,0.0336021505376344,0.0497311827956989,0.0739247311827957,0.0981182795698925,0.122311827956989,0.0739247311827957,0.0577956989247312,0.0900537634408602,0.0416666666666667,0.26747311827957,0.0336021505376344
"114",0.0516666666666667,0.0516666666666667,0.0616666666666667,0.101666666666667,0.0516666666666667,0.0516666666666667,0.111666666666667,0.0616666666666667,0.211666666666667,0.131666666666667,0.0716666666666667,0.0416666666666667
"115",0.0782828282828283,0.214646464646465,0.0631313131313131,0.0631313131313131,0.0631313131313131,0.0631313131313131,0.0782828282828283,0.0782828282828283,0.0782828282828283,0.0631313131313131,0.0631313131313131,0.0934343434343434
"116",0.0586854460093897,0.0727699530516432,0.0868544600938967,0.129107981220657,0.0727699530516432,0.0586854460093897,0.0727699530516432,0.0868544600938967,0.129107981220657,0.0586854460093897,0.115023474178404,0.0586854460093897
"117",0.0520833333333333,0.0895833333333333,0.227083333333333,0.0895833333333333,0.0520833333333333,0.114583333333333,0.0520833333333333,0.0770833333333333,0.0770833333333333,0.0520833333333333,0.0645833333333333,0.0520833333333333
"118",0.0551282051282051,0.0858974358974359,0.0628205128205128,0.0705128205128205,0.0551282051282051,0.162820512820513,0.0782051282051282,0.0628205128205128,0.116666666666667,0.101282051282051,0.0628205128205128,0.0858974358974359
"119",0.0610561056105611,0.12046204620462,0.0610561056105611,0.110561056105611,0.0412541254125413,0.0610561056105611,0.0808580858085809,0.100660066006601,0.070957095709571,0.110561056105611,0.070957095709571,0.110561056105611
"120",0.0548245614035088,0.107456140350877,0.0548245614035088,0.0942982456140351,0.0548245614035088,0.0548245614035088,0.18640350877193,0.133771929824561,0.0679824561403509,0.0548245614035088,0.0548245614035088,0.081140350877193
"121",0.0631313131313131,0.214646464646465,0.0782828282828283,0.0631313131313131,0.0934343434343434,0.0631313131313131,0.0631313131313131,0.0631313131313131,0.0934343434343434,0.0631313131313131,0.0631313131313131,0.0782828282828283
"122",0.034435261707989,0.0426997245179063,0.059228650137741,0.108815426997245,0.034435261707989,0.0509641873278237,0.108815426997245,0.108815426997245,0.174931129476584,0.0674931129476584,0.141873278236915,0.0674931129476584
"123",0.0468164794007491,0.0580524344569288,0.0580524344569288,0.125468164794007,0.0580524344569288,0.316479400749064,0.0580524344569288,0.0580524344569288,0.0468164794007491,0.0580524344569288,0.0692883895131086,0.0468164794007491
"124",0.0631313131313131,0.0782828282828283,0.0631313131313131,0.0934343434343434,0.0631313131313131,0.0934343434343434,0.0934343434343434,0.0631313131313131,0.0934343434343434,0.0782828282828283,0.154040404040404,0.0631313131313131
"125",0.0473484848484849,0.0587121212121212,0.0473484848484849,0.0700757575757576,0.0700757575757576,0.0473484848484849,0.0700757575757576,0.34280303030303,0.0473484848484849,0.0587121212121212,0.0928030303030303,0.0473484848484849
"126",0.0685185185185185,0.0574074074074074,0.201851851851852,0.0685185185185185,0.0574074074074074,0.0574074074074074,0.0796296296296296,0.157407407407407,0.0907407407407408,0.0574074074074074,0.0462962962962963,0.0574074074074074
"127",0.0457227138643068,0.0899705014749263,0.0634218289085546,0.0634218289085546,0.107669616519174,0.0545722713864307,0.0722713864306785,0.0988200589970502,0.0722713864306785,0.134218289085546,0.134218289085546,0.0634218289085546
"128",0.0452898550724638,0.110507246376812,0.0996376811594203,0.0778985507246377,0.088768115942029,0.0452898550724638,0.088768115942029,0.143115942028986,0.0778985507246377,0.121376811594203,0.0561594202898551,0.0452898550724638
"129",0.0706214689265537,0.121468926553672,0.0706214689265537,0.121468926553672,0.0706214689265537,0.0706214689265537,0.104519774011299,0.0706214689265537,0.0875706214689266,0.0706214689265537,0.0706214689265537,0.0706214689265537
"130",0.0580524344569288,0.0692883895131086,0.102996254681648,0.102996254681648,0.0580524344569288,0.0468164794007491,0.0917602996254682,0.226591760299625,0.0805243445692884,0.0468164794007491,0.0580524344569288,0.0580524344569288
"131",0.0549645390070922,0.0549645390070922,0.267730496453901,0.108156028368794,0.0549645390070922,0.0656028368794326,0.076241134751773,0.0549645390070922,0.0656028368794326,0.0549645390070922,0.0549645390070922,0.0868794326241135
"132",0.0641025641025641,0.264102564102564,0.0641025641025641,0.0794871794871795,0.0641025641025641,0.0641025641025641,0.0641025641025641,0.0641025641025641,0.0794871794871795,0.0641025641025641,0.0641025641025641,0.0641025641025641
"133",0.0508130081300813,0.160569105691057,0.0752032520325203,0.0630081300813008,0.0508130081300813,0.0995934959349594,0.0995934959349594,0.0630081300813008,0.0995934959349594,0.0752032520325203,0.111788617886179,0.0508130081300813
"134",0.0771144278606965,0.0621890547263682,0.0621890547263682,0.0621890547263682,0.106965174129353,0.0621890547263682,0.0771144278606965,0.0621890547263682,0.13681592039801,0.0621890547263682,0.121890547263682,0.106965174129353
"135",0.0676100628930818,0.0770440251572327,0.0487421383647799,0.0770440251572327,0.227987421383648,0.0487421383647799,0.124213836477987,0.0581761006289308,0.114779874213836,0.0393081761006289,0.0581761006289308,0.0581761006289308
"136",0.0859649122807018,0.0543859649122807,0.0964912280701754,0.117543859649123,0.170175438596491,0.043859649122807,0.0859649122807018,0.0649122807017544,0.0754385964912281,0.0649122807017544,0.0859649122807018,0.0543859649122807
"137",0.0603864734299517,0.0603864734299517,0.277777777777778,0.0603864734299517,0.0603864734299517,0.0893719806763285,0.0893719806763285,0.0603864734299517,0.0603864734299517,0.0603864734299517,0.0603864734299517,0.0603864734299517
"138",0.0770609318996416,0.0985663082437276,0.109318996415771,0.0985663082437276,0.0878136200716846,0.0555555555555556,0.0770609318996416,0.0555555555555556,0.0985663082437276,0.0770609318996416,0.0985663082437276,0.0663082437275986
"139",0.0634218289085546,0.125368731563422,0.0722713864306785,0.0368731563421829,0.0722713864306785,0.0899705014749263,0.0988200589970502,0.0545722713864307,0.107669616519174,0.0899705014749263,0.0899705014749263,0.0988200589970502
"140",0.0757575757575758,0.0757575757575758,0.0757575757575758,0.148484848484848,0.0757575757575758,0.0757575757575758,0.0939393939393939,0.0757575757575758,0.0757575757575758,0.0757575757575758,0.0757575757575758,0.0757575757575758
"141",0.0527426160337553,0.10337552742616,0.0654008438818565,0.0527426160337553,0.10337552742616,0.0527426160337553,0.0654008438818565,0.229957805907173,0.0654008438818565,0.0527426160337553,0.0654008438818565,0.0907172995780591
"142",0.0757575757575758,0.0757575757575758,0.0757575757575758,0.148484848484848,0.0757575757575758,0.0939393939393939,0.0757575757575758,0.0757575757575758,0.0757575757575758,0.0757575757575758,0.0757575757575758,0.0757575757575758
"143",0.546620046620047,0.0641025641025641,0.0361305361305361,0.0361305361305361,0.0291375291375291,0.0291375291375291,0.0361305361305361,0.0501165501165501,0.0571095571095571,0.0361305361305361,0.0431235431235431,0.0361305361305361
"144",0.0833333333333333,0.0698198198198198,0.123873873873874,0.0833333333333333,0.0968468468468469,0.0698198198198198,0.0833333333333333,0.123873873873874,0.0563063063063063,0.0698198198198198,0.0698198198198198,0.0698198198198198
"145",0.0615079365079365,0.132936507936508,0.0496031746031746,0.0853174603174603,0.109126984126984,0.0853174603174603,0.0972222222222222,0.121031746031746,0.0972222222222222,0.0496031746031746,0.0615079365079365,0.0496031746031746
"146",0.0443262411347518,0.0656028368794326,0.0868794326241135,0.0443262411347518,0.0443262411347518,0.0443262411347518,0.076241134751773,0.0549645390070922,0.076241134751773,0.214539007092199,0.182624113475177,0.0656028368794326
"147",0.0615079365079365,0.0853174603174603,0.0853174603174603,0.168650793650794,0.0972222222222222,0.0496031746031746,0.0496031746031746,0.0853174603174603,0.0734126984126984,0.0615079365079365,0.109126984126984,0.0734126984126984
"148",0.0683060109289618,0.0846994535519126,0.0683060109289618,0.166666666666667,0.0846994535519126,0.0846994535519126,0.0683060109289618,0.101092896174863,0.0683060109289618,0.0683060109289618,0.0683060109289618,0.0683060109289618
"149",0.0801282051282051,0.118589743589744,0.0801282051282051,0.0801282051282051,0.0801282051282051,0.0801282051282051,0.0801282051282051,0.0801282051282051,0.0801282051282051,0.0801282051282051,0.0801282051282051,0.0801282051282051
"150",0.0738095238095238,0.0595238095238095,0.102380952380952,0.0595238095238095,0.0595238095238095,0.216666666666667,0.0738095238095238,0.0595238095238095,0.0595238095238095,0.116666666666667,0.0595238095238095,0.0595238095238095
"151",0.0771144278606965,0.0621890547263682,0.0621890547263682,0.151741293532338,0.0771144278606965,0.0621890547263682,0.106965174129353,0.0920398009950249,0.0920398009950249,0.0621890547263682,0.0621890547263682,0.0920398009950249
"152",0.0735735735735736,0.0465465465465466,0.0645645645645646,0.0645645645645646,0.0465465465465466,0.0735735735735736,0.0555555555555556,0.0465465465465466,0.0465465465465466,0.0375375375375375,0.0465465465465466,0.397897897897898
"153",0.0443262411347518,0.0549645390070922,0.0868794326241135,0.0656028368794326,0.076241134751773,0.0656028368794326,0.076241134751773,0.0549645390070922,0.0656028368794326,0.182624113475177,0.140070921985816,0.0868794326241135
"154",0.0663082437275986,0.0985663082437276,0.0448028673835126,0.0555555555555556,0.0985663082437276,0.0663082437275986,0.109318996415771,0.0663082437275986,0.0878136200716846,0.163082437275986,0.0878136200716846,0.0555555555555556
"155",0.0880952380952381,0.0595238095238095,0.0738095238095238,0.0880952380952381,0.15952380952381,0.102380952380952,0.0595238095238095,0.116666666666667,0.0595238095238095,0.0595238095238095,0.0595238095238095,0.0738095238095238
"156",0.0631313131313131,0.123737373737374,0.0631313131313131,0.0782828282828283,0.0631313131313131,0.0631313131313131,0.0631313131313131,0.169191919191919,0.0782828282828283,0.0782828282828283,0.0934343434343434,0.0631313131313131
"157",0.0782828282828283,0.138888888888889,0.0631313131313131,0.108585858585859,0.0631313131313131,0.0631313131313131,0.123737373737374,0.0782828282828283,0.0782828282828283,0.0631313131313131,0.0631313131313131,0.0782828282828283
"158",0.0661375661375661,0.0661375661375661,0.082010582010582,0.193121693121693,0.0661375661375661,0.0978835978835979,0.0661375661375661,0.0661375661375661,0.0661375661375661,0.082010582010582,0.082010582010582,0.0661375661375661
"159",0.450155763239875,0.0576323987538941,0.0389408099688474,0.0482866043613707,0.0389408099688474,0.0482866043613707,0.0389408099688474,0.0389408099688474,0.0950155763239875,0.0389408099688474,0.0389408099688474,0.0669781931464175
"160",0.0534188034188034,0.0918803418803419,0.104700854700855,0.0534188034188034,0.0534188034188034,0.0534188034188034,0.0534188034188034,0.297008547008547,0.0534188034188034,0.0662393162393162,0.0662393162393162,0.0534188034188034
"161",0.0570776255707763,0.125570776255708,0.139269406392694,0.0981735159817352,0.0570776255707763,0.0707762557077626,0.0707762557077626,0.0570776255707763,0.111872146118721,0.0707762557077626,0.0707762557077626,0.0707762557077626
"162",0.0445402298850575,0.104885057471264,0.0359195402298851,0.0531609195402299,0.208333333333333,0.0359195402298851,0.0445402298850575,0.0704022988505747,0.0617816091954023,0.113505747126437,0.156609195402299,0.0704022988505747
"163",0.0511551155115512,0.0511551155115512,0.0808580858085809,0.070957095709571,0.0610561056105611,0.328382838283828,0.0511551155115512,0.0511551155115512,0.110561056105611,0.0412541254125413,0.0412541254125413,0.0610561056105611
"164",0.0412541254125413,0.070957095709571,0.070957095709571,0.0412541254125413,0.0412541254125413,0.358085808580858,0.0511551155115512,0.0511551155115512,0.13036303630363,0.0412541254125413,0.0412541254125413,0.0610561056105611
"165",0.0949612403100775,0.060077519379845,0.246124031007752,0.0484496124031008,0.0484496124031008,0.106589147286822,0.0717054263565891,0.0484496124031008,0.0833333333333333,0.060077519379845,0.0833333333333333,0.0484496124031008
"166",0.0718390804597701,0.123563218390805,0.0718390804597701,0.10632183908046,0.0718390804597701,0.0718390804597701,0.10632183908046,0.0890804597701149,0.0718390804597701,0.0718390804597701,0.0718390804597701,0.0718390804597701
"167",0.0651041666666667,0.0807291666666667,0.0963541666666667,0.127604166666667,0.0651041666666667,0.0651041666666667,0.0807291666666667,0.0807291666666667,0.0651041666666667,0.127604166666667,0.0651041666666667,0.0807291666666667
"168",0.0816993464052288,0.101307189542484,0.0816993464052288,0.0816993464052288,0.0816993464052288,0.0816993464052288,0.0816993464052288,0.0816993464052288,0.0816993464052288,0.0816993464052288,0.0816993464052288,0.0816993464052288
"169",0.0570776255707763,0.0707762557077626,0.0570776255707763,0.0844748858447489,0.111872146118721,0.0707762557077626,0.0570776255707763,0.0981735159817352,0.0707762557077626,0.166666666666667,0.0570776255707763,0.0981735159817352
"170",0.0478927203065134,0.0593869731800766,0.0478927203065134,0.128352490421456,0.185823754789272,0.0823754789272031,0.0708812260536398,0.139846743295019,0.0478927203065134,0.0593869731800766,0.0708812260536398,0.0593869731800766
"171",0.0470737913486005,0.039440203562341,0.039440203562341,0.0928753180661578,0.22264631043257,0.0318066157760814,0.108142493638677,0.039440203562341,0.123409669211196,0.0699745547073791,0.115776081424936,0.0699745547073791
"172",0.0551801801801802,0.0484234234234234,0.0281531531531532,0.0551801801801802,0.0281531531531532,0.528153153153153,0.0281531531531532,0.0551801801801802,0.0484234234234234,0.0416666666666667,0.0416666666666667,0.0416666666666667
"173",0.0694444444444444,0.102777777777778,0.0861111111111111,0.0694444444444444,0.0861111111111111,0.0694444444444444,0.0861111111111111,0.0694444444444444,0.0861111111111111,0.119444444444444,0.0861111111111111,0.0694444444444444
